-12.3694 99.2311 37.9869
-5.50132 100.121 36.6027
6.03793 100.329 34.3024
21.7346 97.8837 31.1241
34.71 94.0618 28.4164
47.2967 88.4698 25.6584
59.0572 81.1028 22.8786
69.3436 72.4018 20.1816
78.4117 62.4858 17.493
86.0638 51.5125 14.8184
92.3837 39.1473 12.0389
95.3633 30.5341 10.2148
96.5593 26.003 9.27524
-23.0185 90.1532 40.6579
-15.8453 91.8667 39.0805
-3.57673 92.9635 36.4241
13.2011 90.8552 32.7186
27.0166 86.8313 29.5411
40.3089 80.7047 26.2655
52.6646 72.6848 22.9263
63.5261 63.3918 19.6687
73.1499 52.8616 16.4344
81.232 41.1679 13.2519
87.683 27.8787 9.98905
90.4613 18.5833 7.87341
91.4449 13.694 6.79135
-31.3064 80.4919 43.031
-26.8845 81.9384 41.9616
-17.6566 83.8835 39.7659
-2.04671 84.1322 36.0485
13.6543 81.0995 32.1986
28.4752 75.2022 28.2648
41.441 67.7081 24.493
53.0002 58.7703 20.7712
63.836 47.9322 16.8765
72.7917 36.0359 13.1558
80.5778 21.2192 9.05696
83.8183 10.3948 6.36026
84.8598 3.98964 4.82975
-35.6958 73.0309 44.7307
-31.4549 76.1133 43.463
-22.131 81.2488 40.8902
-5.21224 86.0461 36.687
12.8101 86.7057 32.5083
30.4482 83.1173 28.4291
45.908 76.2866 24.6283
59.225 66.5232 20.9353
70.59 53.4597 17.0386
78.7207 38.7388 13.2287
84.4789 20.7785 8.89165
85.6478 8.09881 5.92839
85.3241 0.814433 4.20521
-34.138 63.0678 45.4367
-30.2817 64.5141 44.3067
-22.2069 66.6063 41.9764
-8.44533 67.5326 38.0047
5.53722 65.6451 33.837
18.8641 61.1802 29.5264
30.5655 55.1132 25.3625
40.9516 47.5374 21.2458
50.5782 38.0896 16.955
58.4252 27.5774 12.8815
65.1688 14.4523 8.41201
67.9425 4.87467 5.49271
68.8472 -0.786739 3.84948
-31.8844 56.3176 45.8242
-28.2549 57.7318 44.6395
-20.5784 59.8358 42.1761
-7.67522 60.8383 38.0486
5.65507 59.1445 33.642
18.3702 54.8647 29.0634
29.156 49.0299 24.7513
38.3247 42.0448 20.657
46.4378 33.7796 16.5806
53.0961 24.5263 12.6617
58.8015 13.077 8.36838
61.1628 4.67839 5.54031
61.9499 -0.301836 3.94133
-29.808 51.6087 46.2659
-26.5119 54.0258 44.8942
-19.2112 58.1465 42.099
-6.15389 62.0956 37.6114
8.05666 63.0434 33.0514
22.1142 60.4952 28.5552
34.0623 55.1396 24.4819
43.9084 47.7385 20.6783
51.9227 38.3049 16.8627
57.6548 27.5863 13.0833
61.4982 14.5453 8.76386
61.915 5.28154 5.76622
61.2888 -0.0239208 4.01826
-27.007 46.6596 46.0208
-23.9813 47.9304 44.8156
-17.5674 49.884 42.3187
-6.72735 51.0087 38.1571
4.52224 49.8137 33.7363
15.2657 46.3626 29.1646
24.3709 41.5388 24.8693
32.1009 35.712 20.7902
38.9315 28.7884 16.7183
44.5269 21.0153 12.7895
49.2865 11.371 8.47382
51.199 4.27972 5.62531
51.7967 0.0745885 4.01442
-25.2272 43.6148 46.0142
-22.3934 44.8224 44.8019
-16.5335 46.6343 42.3576
-6.55917 47.7425 38.2641
3.86714 46.7473 33.9009
13.76 43.6659 29.4256
22.297 39.2852 25.1612
29.6588 33.8943 21.0625
36.1852 27.35 16.9362
41.38 20.2092 13.0683
45.9844 11.1837 8.71626
47.8901 4.32749 5.76441
48.4793 0.0232553 4.00433
-23.4346 40.6024 45.9979
-20.8384 42.3846 44.6589
-15.2702 45.3181 41.9955
-5.3318 48.1099 37.6645
5.49647 48.7056 33.2106
16.1164 46.7151 28.8172
25.3148 42.6855 24.7391
33.0814 37.0928 20.8657
39.4958 29.8284 16.9475
44.0532 21.8085 13.2054
47.4476 11.8289 8.8885
48.1002 4.47102 5.85373
47.7399 -0.00113436 3.99975
-21.6593 37.5458 45.9946
-19.2099 38.611 44.7797
-14.142 40.2105 42.3301
-5.51266 41.2083 38.2306
3.50114 40.3834 33.8537
12.047 37.7588 29.3673
19.4182 33.9988 25.1082
25.7654 29.3436 21.0281
31.3753 23.6703 16.9264
35.8223 17.473 13.0766
39.7389 9.64515 8.72924
41.3344 3.70484 5.76756
41.8093 -0.0227028 3.99531
-19.8907 34.4729 45.9963
-17.8859 35.3588 44.9167
-13.2818 36.8984 42.4924
-5.73885 37.8962 38.5981
2.56093 37.3122 34.2226
10.3926 35.1378 29.8051
17.3822 31.7213 25.4655
23.3707 27.4506 21.3347
28.4835 22.3925 17.3267
32.668 16.7079 13.4598
36.447 9.40211 9.02025
38.0121 3.62718 5.88363
38.4519 -0.0101889 3.9977
-18.1257 31.3918 46.0006
-16.3268 32.5807 44.8344
-12.0882 34.8131 42.2401
-4.84203 36.8977 38.1559
3.44671 37.4709 33.6935
11.542 36.1774 29.3245
18.823 33.1322 25.1294
24.9659 28.8664 21.174
29.9221 23.4865 17.3317
33.6041 17.364 13.5727
36.4851 9.59803 9.17566
37.1053 3.63443 5.96989
36.8258 0.000363375 4.00002
-16.3561 28.3209 46.0015
-14.6989 29.0872 44.9123
-10.8899 30.4271 42.4664
-4.64126 31.338 38.5406
2.24193 30.9332 34.1444
8.74374 29.1984 29.7312
14.5466 26.4073 25.417
19.5066 22.8762 21.3175
23.7201 18.6675 17.336
27.146 13.9277 13.4848
30.2067 7.83645 9.05093
31.4321 3.02879 5.90295
31.7434 0.00532664 4.00068
-14.5847 25.2553 46.001
-13.0325 25.9938 44.8477
-9.59515 27.2248 42.3621
-4.11285 28.0432 38.4974
1.75997 27.7717 34.3099
7.43782 26.3951 30.0524
12.5683 24.0688 25.8659
17.0467 21.0176 21.8146
20.8413 17.3799 17.903
24.0225 13.1383 14.0101
26.9638 7.48412 9.3849
28.1305 2.92289 6.05087
28.3957 0.00254109 4.0001
-12.7081 22.0121 45.9999
-11.3863 22.856 44.7847
-8.39571 24.3528 42.189
-3.45286 25.6643 38.2179
2.01052 25.9823 33.9899
7.4392 25.1462 29.7626
12.3857 23.164 25.6568
16.672 20.3304 21.704
20.1821 16.7847 17.8884
22.9257 12.5923 14.063
25.2219 7.0631 9.47048
25.8117 2.71008 6.09922
25.6656 -0.000701423 3.99975
-11.0411 19.1261 45.9995
-9.86747 19.7319 44.8176
-7.25694 20.7571 42.2834
-3.05957 21.5001 38.3759
1.46689 21.4002 34.1736
5.86667 20.4301 29.9335
9.84795 18.6881 25.7848
13.3077 16.3434 21.7742
16.2108 13.514 17.8975
18.6099 10.2053 14.0243
20.7791 5.79865 9.40773
21.5747 2.25691 6.06468
21.7001 -0.00241819 3.99918
-9.27031 16.0586 45.9996
-8.13115 16.6846 44.6062
-5.51116 17.7369 41.563
-1.56541 18.3156 37.2339
2.48333 18.0555 32.7867
5.96013 17.14 28.8163
8.91358 15.7155 25.1554
11.6525 13.8256 21.4274
14.0138 11.4615 17.7075
16.0382 8.48689 13.7188
17.718 4.8272 9.28128
18.2974 1.87026 6.01629
18.3503 -0.0017939 3.99938
-7.49998 12.9904 46
-6.59258 13.5348 44.5894
-4.48611 14.4726 41.5187
-1.26177 15.0534 37.1712
2.08731 14.9359 32.7221
4.98647 14.2413 28.7639
7.45545 13.0951 25.1205
9.73015 11.5301 21.4106
11.6744 9.55284 17.7076
13.3057 7.05912 13.7289
14.62 3.99979 9.29579
15.0164 1.54382 6.02551
15 -8.3467e-05 3.9999
